%YAML:1.0
---
camera_matrix: !!opencv-matrix
   rows: 3
   cols: 3
   dt: d
   data: [ 8.3128578117340749e+02, 0., 4.7758512628154159e+02, 0.,
       6.8557482566742544e+02, 4.8549218718786739e+02, 0., 0., 1. ]
dist_coeff: !!opencv-matrix
   rows: 1
   cols: 5
   dt: d
   data: [ 5.5621857798127769e-02, -1.5908184683388261e-02,
       -1.9730203296953019e-02, 3.2824546979415056e-03,
       -3.6924852319778995e-01 ]
