%YAML:1.0
---
camera_matrix: !!opencv-matrix
   rows: 3
   cols: 3
   dt: d
   data: [ 8.8156838357588504e+02, 0., 6.6407222707602079e+02, 0.,
       9.1293632091054508e+02, 3.1605711055015257e+02, 0., 0., 1. ]
dist_coeff: !!opencv-matrix
   rows: 1
   cols: 5
   dt: d
   data: [ -1.9247068886167515e-01, 5.1756312172367869e+00,
       -2.8691338670582937e-02, -3.7233535657296084e-02,
       -2.3624485545787874e+01 ]
